[178,
 90,
 275,
 76,
 132,
 278,
 207,
 230,
 189,
 64,
 292,
 126,
 17,
 23,
 222,
 285,
 137,
 224,
 150,
 24,
 214,
 155,
 235,
 205,
 252,
 101,
 121,
 288,
 255,
 180,
 160,
 106,
 227,
 84,
 282,
 165,
 264,
 139,
 53,
 212,
 5,
 236,
 123,
 25,
 182,
 256,
 63,
 228,
 98,
 11,
 77,
 38,
 263,
 268,
 105,
 193,
 72,
 110,
 188,
 20,
 55,
 158,
 6,
 173,
 35,
 129,
 8,
 130,
 151,
 237,
 262,
 217,
 290,
 161,
 168,
 284,
 12,
 147,
 149,
 167,
 118,
 127,
 170,
 108,
 14,
 297,
 184,
 163,
 148,
 95,
 112,
 143,
 238,
 89,
 223,
 94,
 156,
 86,
 159,
 45,
 266,
 277,
 28,
 211,
 117,
 88,
 125,
 59,
 107,
 225,
 140,
 194,
 100,
 259,
 289,
 253,
 31,
 36,
 243,
 215,
 287,
 181,
 274,
 213,
 294,
 281,
 15,
 251,
 240,
 21,
 47,
 7,
 152,
 61,
 226,
 144,
 206,
 103,
 208,
 34,
 102,
 183,
 299,
 56,
 83,
 296,
 234,
 279,
 291,
 185,
 229,
 44,
 16,
 166,
 81,
 254,
 113,
 115,
 62,
 248,
 242,
 3,
 92,
 85,
 190,
 49,
 65,
 96,
 271,
 265,
 249,
 202,
 283,
 136,
 231,
 241,
 116,
 9,
 233,
 10,
 93,
 201,
 82,
 42,
 146,
 153,
 171,
 246,
 52,
 19,
 58,
 109,
 220,
 40,
 66,
 192,
 78,
 204,
 164,
 104,
 41,
 50,
 270,
 295,
 97,
 276,
 67,
 135,
 51,
 203,
 195,
 57,
 145,
 43,
 120,
 293,
 216,
 273,
 191,
 286,
 46,
 198,
 245,
 128,
 29,
 175,
 2,
 111,
 0,
 197,
 261,
 73,
 210,
 91,
 80,
 218,
 219,
 280,
 177,
 32,
 298,
 4,
 172,
 70,
 30]