[155,
 366,
 243,
 269,
 305,
 161,
 179,
 188,
 345,
 210,
 397,
 38,
 223,
 399,
 323,
 384,
 274,
 12,
 26,
 390,
 250,
 169,
 348,
 218,
 189,
 0,
 322,
 45,
 94,
 369,
 253,
 247,
 4,
 198,
 316,
 67,
 89,
 142,
 382,
 364,
 69,
 254,
 66,
 125,
 320,
 373,
 202,
 137,
 36,
 314,
 358,
 19,
 126,
 102,
 277,
 350,
 241,
 50,
 162,
 58,
 265,
 229,
 263,
 299,
 260,
 303,
 352,
 176,
 270,
 211,
 248,
 146,
 54,
 207,
 383,
 47,
 159,
 238,
 141,
 171,
 20,
 112,
 339,
 11,
 341,
 65,
 395,
 124,
 257,
 347,
 88,
 107,
 68,
 57,
 177,
 74,
 335,
 354,
 91,
 40,
 92,
 85,
 398,
 381,
 237,
 101,
 127,
 183,
 204,
 392,
 340,
 296,
 150,
 309,
 246,
 222,
 123,
 73,
 338,
 301,
 220,
 192,
 64,
 97,
 143,
 186,
 113,
 62,
 387,
 7,
 105,
 131,
 306,
 325,
 37,
 297,
 51,
 266,
 80,
 46,
 163,
 119,
 283,
 63,
 396,
 33,
 29,
 285,
 288,
 13,
 379,
 39,
 160,
 172,
 294,
 225,
 77,
 99,
 377,
 319]