[359,
 51,
 417,
 26,
 268,
 337,
 480,
 388,
 125,
 271,
 346,
 382,
 64,
 177,
 133,
 483,
 493,
 174,
 430,
 301,
 163,
 352,
 325,
 472,
 235,
 209,
 203,
 361,
 284,
 228,
 405,
 314,
 294,
 248,
 121,
 17,
 39,
 460,
 217,
 214,
 173,
 212,
 283,
 289,
 164,
 355,
 142,
 54,
 414,
 490,
 437,
 433,
 229,
 135,
 389,
 422,
 369,
 45,
 364,
 408,
 273,
 340,
 118,
 132,
 103,
 68,
 98,
 446,
 275,
 120,
 315,
 166,
 145,
 439,
 482,
 124,
 149,
 298,
 71,
 465,
 377,
 196,
 136,
 237,
 323,
 131,
 470,
 154,
 445,
 360,
 211,
 85,
 99,
 383,
 274,
 48,
 102,
 250,
 384,
 232,
 208,
 487,
 400,
 128,
 148,
 471,
 350,
 206,
 82,
 210,
 16,
 49,
 287,
 111,
 351,
 449,
 240,
 207,
 27,
 6,
 146,
 36,
 63,
 392,
 143,
 168,
 261,
 381,
 478,
 198,
 129,
 185,
 200,
 13,
 169,
 95,
 477,
 155,
 415,
 336,
 338,
 91,
 218,
 178,
 41,
 328,
 303,
 77,
 37,
 34,
 151,
 492,
 442,
 418,
 215,
 56,
 241,
 444,
 329,
 186,
 371,
 428,
 40,
 253,
 339,
 390,
 192,
 481,
 181,
 234,
 190]