[98,
 68,
 118,
 340,
 273,
 103,
 132,
 408,
 364,
 315,
 275,
 120,
 45,
 166,
 299,
 243,
 439,
 124,
 482,
 298,
 369,
 149,
 383,
 99,
 354,
 497,
 122,
 70,
 43,
 326,
 345,
 189,
 249,
 182,
 67,
 141,
 114,
 496,
 421,
 231,
 223,
 150,
 205,
 48,
 426,
 396,
 395,
 450,
 427,
 380,
 347,
 453,
 238,
 473,
 303,
 418,
 234,
 190,
 225,
 110,
 390,
 192,
 339,
 253,
 40,
 241,
 56,
 492,
 151,
 178,
 469,
 218,
 371,
 444,
 338,
 186,
 329,
 200,
 185,
 13,
 477,
 198,
 155,
 478,
 415,
 381,
 261,
 336,
 168,
 498,
 55,
 319,
 392,
 452,
 146,
 36,
 6,
 27,
 335,
 331,
 9,
 373,
 488,
 191,
 486,
 252,
 413,
 213,
 264,
 204,
 367,
 25,
 476,
 266,
 93,
 378,
 242,
 216,
 306,
 94,
 272,
 436,
 432,
 293,
 475,
 374,
 349,
 423,
 239,
 201,
 265,
 307,
 313,
 499,
 279,
 233,
 441,
 256,
 420,
 127,
 92,
 1,
 226,
 466,
 479,
 434,
 317,
 407,
 282,
 24,
 58,
 46,
 147,
 22,
 81,
 157,
 15,
 35,
 3,
 236,
 449,
 351,
 240,
 111,
 287,
 49,
 206,
 210,
 82,
 468,
 424,
 341,
 257,
 359,
 51,
 268,
 337,
 26,
 480,
 388,
 346,
 483,
 133,
 493,
 403,
 430,
 174,
 325,
 352,
 163,
 472,
 361,
 209,
 203,
 314,
 294,
 121,
 202,
 113,
 17,
 39,
 460,
 217,
 214,
 212,
 173,
 454,
 429,
 310,
 8,
 148,
 289,
 400,
 487,
 232,
 164,
 355,
 250,
 384,
 131,
 470,
 323,
 237,
 445,
 465,
 136,
 196,
 377,
 229,
 135,
 490,
 414,
 459,
 277,
 187,
 312,
 370,
 251,
 387,
 259,
 288,
 47,
 484,
 311,
 97,
 78,
 412,
 467,
 188,
 494,
 461,
 138,
 14,
 343,
 342,
 286,
 263,
 219,
 140,
 112,
 230,
 61]